Thumb P to center
-0.989778 -0.005360 -0.142513 12.855900
-0.000000 0.999293 -0.037584 2.497815
0.142614 -0.037199 -0.989079 47.481456

Thumb PP to center
-0.937583 0.008411 -0.347661 11.605763
0.000000 0.999707 0.024187 -5.444389
0.347763 0.022677 -0.937308 48.780013

Thumb MCP to center
-0.730859 -0.156335 0.664382 -30.683615
0.000000 0.973414 0.229052 10.901173
-0.682528 0.167405 -0.711429 41.780299

Index DP to center
0.999637 0.004329 0.026596 5.340598
-0.000000 0.987013 -0.160643 32.432606
-0.026946 0.160585 0.986654 -46.715671

Index P to center
0.960549 0.035311 0.275861 -17.024435
0.000000 0.991907 -0.126967 32.289813
-0.278111 0.121958 0.952775 -44.200953

Index PP to center
0.671338 0.034057 0.740369 -38.336638
0.000000 0.998944 -0.045952 27.301760
-0.741152 0.030849 0.670628 -23.772659

Index MCP to center
0.430512 0.027585 0.902163 -47.560477
0.000000 0.999533 -0.030563 19.881826
-0.902585 0.013158 0.430311 -6.275221

Mid DP to center
0.967287 -0.023064 -0.252633 11.877301
0.000000 0.995858 -0.090918 7.916535
0.253683 0.087944 0.963281 -48.163745

Mid P to center
0.994951 0.008627 0.099986 -12.578106
0.000000 0.996298 -0.085967 7.257042
-0.100358 0.085533 0.991268 -47.151739

Mid PP to center
0.727318 0.024913 0.685848 -34.877815
0.000000 0.999341 -0.036300 4.011053
-0.686300 0.026402 0.726839 -31.542165

Mid MCP to center
0.486640 -0.156367 0.859495 -49.844682
0.000000 0.983851 0.178991 2.113881
-0.873603 -0.087104 0.478781 -10.172115

Ring DP to center
0.901626 -0.023121 -0.431897 11.158459
-0.000000 0.998570 -0.053458 -10.519354
0.432516 0.048199 0.900337 -49.653585

Ring P to center
0.979523 0.007048 0.201207 -8.627065
-0.000000 0.999387 -0.035009 -12.844958
-0.201331 0.034292 0.978923 -49.159622

Ring PP to center
0.821273 0.024799 0.569996 -35.670174
-0.000000 0.999055 -0.043467 -16.870446
-0.570536 0.035698 0.820497 -33.339311

Ring MCP to center
0.381893 0.047934 0.922962 -48.628230
0.000000 0.998654 -0.051865 -17.435002
-0.924206 0.019807 0.381379 -15.027388

Lil fing DP to center
0.976860 -0.009691 0.213662 3.489684
-0.000000 0.998973 0.045312 -32.684496
-0.213882 -0.044264 0.975856 -47.891609

Lil fing P to center
0.963343 -0.010685 0.268062 -18.518540
0.000000 0.999207 0.039828 -34.763909
-0.268274 -0.038368 0.962578 -44.047002

Lil fing PP to center
0.670948 0.046650 0.740035 -34.891500
0.000000 0.998019 -0.062913 -38.563349
-0.741504 0.042211 0.669619 -29.841136

Lil fing MCP to center
0.598710 -0.105430 0.793997 -47.023403
0.000000 0.991299 0.131629 -37.423334
-0.800966 -0.078807 0.593501 -9.186510